602, 425
789, 719
405, 713
521, 517
465, 618
676, 557
691, 511
540, 757
751, 382
644, 501
575, 603
812, 353
513, 623
564, 460
487, 570
671, 531
534, 555
754, 649
608, 539
652, 519
571, 509
729, 549
217, 591
562, 538
487, 564
740, 707
744, 611
654, 437
481, 519
452, 634
558, 479
727, 623
698, 586
643, 480
686, 522
659, 429
562, 340
539, 677
580, 537
787, 692
562, 638
743, 562
628, 604
528, 439
708, 593
561, 498
670, 502
746, 667
748, 642
587, 429
692, 493
525, 606
784, 722
477, 401
375, 652
658, 512
573, 674
200, 200
750, 612
674, 533
581, 369
509, 574
583, 639
413, 316
612, 693
615, 385
652, 454
685, 815
295, 767
683, 663
587, 458
578, 856
731, 578
719, 612
629, 525
664, 573
760, 691
486, 570
622, 823
552, 473
769, 715
673, 595
451, 632
786, 677
363, 504
591, 629
764, 720
691, 407
718, 561
670, 662
618, 605
681, 591
855, 897
724, 628
544, 365
573, 482
784, 732
603, 491
512, 681
512, 591
660, 522
473, 603
626, 370
252, 874
805, 894
621, 503
411, 875
716, 556
777, 751
632, 462
559, 666
486, 704
708, 596
561, 611
573, 700
649, 588
624, 556
704, 535
436, 997
516, 329
711, 625
478, 670
812, 766
572, 611
652, 703
548, 567
667, 704
605, 330
577, 673
692, 611
576, 676
503, 500
752, 682
752, 693
770, 695
412, 624
546, 659
726, 631
540, 337
726, 597
749, 764
623, 568
670, 494
585, 466
538, 658
734, 596
617, 630
626, 496
654, 598
716, 714
707, 659
563, 475
736, 307
772, 821
643, 531
524, 691
670, 547
484, 641
715, 615
410, 645
686, 478
775, 762
603, 544
638, 619
636, 502
562, 427
725, 677
749, 670
545, 412
614, 422
729, 642
602, 602
720, 725
458, 579
512, 398
709, 581
657, 509
553, 550
740, 692
512, 490
407, 563
485, 651
650, 551
375, 982
542, 393
568, 538
696, 622
247, 781
682, 459
551, 581
514, 619
602, 622
653, 575
388, 990
662, 502
535, 687
671, 316
399, 520
328, 514
740, 650
909, 836
615, 524
619, 499
441, 301
535, 421
586, 494
748, 564
659, 593
639, 680
577, 506
558, 896
666, 513
711, 702
439, 473
657, 597
530, 720
764, 739
742, 685
655, 531
400, 200
523, 333
584, 608
749, 708
653, 497
354, 712
489, 541
200, 200
724, 712
516, 708
653, 572
617, 542
581, 523
582, 427
719, 675
651, 470
513, 687
650, 606
620, 497
622, 493
674, 633
741, 698
532, 463
376, 652
549, 654
592, 557
723, 568
762, 678
631, 583
640, 639
486, 894
561, 511
669, 457
679, 341
529, 679
673, 255
592, 741
729, 642
497, 499
763, 760
792, 808
724, 659
404, 96
678, 595
724, 473
444, 395
532, 359
620, 443
567, 442
710, 596
401, 728
703, 683
747, 625
623, 379
605, 458
759, 671
607, 521
649, 455
716, 499
660, 546
597, 546
554, 708
724, 721
560, 453
670, 565
563, 522
708, 639
621, 607
678, 361
761, 638
509, 766
736, 660
577, 427
525, 438
672, 420
517, 395
604, 512
457, 1004
715, 587
631, 306
553, 521
399, 658
654, 452
659, 543
722, 641
520, 370
470, 556
737, 662
479, 638
666, 594
661, 585
612, 533
720, 700
671, 591
651, 479
682, 144
660, 439
694, 573
864, 879
678, 566
519, 419
594, 387
641, 576
336, 641
553, 460
577, 511
676, 604
713, 521
537, 517
593, 644
425, 651
515, 327
590, 384
788, 727
323, 922
708, 655
523, 647
739, 563
560, 526
549, 660
770, 644
729, 648
852, 929
683, 532
600, 542
630, 540
729, 728
209, 907
652, 511
526, 620
690, 332
557, 422
653, 620
738, 707
668, 647
547, 615
646, 565
487, 310
609, 481
495, 729
629, 415
662, 643
679, 585
670, 448
657, 342
711, 738
555, 573
678, 634
749, 559
499, 414
695, 456
441, 553
713, 665
660, 782
644, 490
543, 572
680, 446
598, 636
715, 602
699, 697
627, 479
685, 662
544, 379
258, 565
545, 416
212, 352
667, 529
520, 591
667, 332
760, 529
536, 651
528, 675
652, 577
659, 549
572, 500
644, 496
518, 506
619, 448
640, 557
676, 462
713, 711
620, 486
765, 731
676, 544
687, 337
640, 305
746, 694
557, 743
620, 637
552, 414
547, 599
722, 600
601, 500
312, 535
675, 544
426, 591
630, 581
718, 571
714, 726
619, 619
581, 472
599, 435
653, 608
624, 360
719, 578
578, 726
543, 904
854, 144
513, 446
398, 500
273, 916
597, 565
741, 725
859, 682
635, 574
663, 496
517, 520
589, 442
571, 508
715, 619
708, 725
504, 661
550, 746
653, 548
734, 595
513, 462
591, 445
577, 594
634, 558
200, 200
757, 670
611, 396
435, 678
633, 381
722, 584
512, 633
483, 433
378, 1014
709, 438
673, 276
544, 616
669, 500
585, 497
611, 398
574, 721
687, 494
671, 593
617, 567
665, 552
528, 556
651, 504
726, 675
682, 674
712, 431
355, 794
549, 496
604, 422
654, 388
571, 474
537, 318
509, 436
711, 423
502, 584
634, 454
650, 545
445, 319
616, 490
398, 615
543, 423
629, 446
428, 736
660, 482
717, 655
532, 430
743, 403
705, 715
724, 629
536, 417
577, 681
511, 628
819, 865
667, 492
488, 483
546, 500
449, 609
608, 653
660, 663
797, 782
403, 716
724, 700
460, 732
777, 666
599, 451
494, 796
530, 717
342, 739
679, 418
674, 523
284, 578
430, 909
619, 531
696, 713
653, 492
635, 393
519, 535
633, 634
476, 689
531, 744
679, 664
680, 602
517, 582
697, 566
602, 378
654, 680
465, 482
731, 505
529, 343
490, 645
516, 398
603, 503
589, 706
633, 365
551, 675
634, 724
719, 735
624, 540
668, 494
539, 426
450, 679
666, 409
684, 657
608, 637
702, 499
725, 724
624, 471
555, 402
482, 772
530, 360
678, 435
589, 524
776, 745
740, 645
317, 438
727, 627
462, 621
610, 500
612, 531
523, 685
553, 505
446, 605
685, 605
498, 472
743, 448
564, 441
735, 725
764, 747
667, 528
501, 342
663, 346
634, 448
743, 165
658, 629
550, 879
654, 540
487, 616
724, 599
495, 663
503, 356
722, 641
710, 488
669, 515
647, 343
633, 416
646, 428
524, 614
556, 546
712, 613
882, 665
655, 819
656, 486
779, 169
610, 501
668, 482
754, 727
529, 433
519, 615
412, 290
706, 347
445, 136
586, 467
575, 358
663, 454
617, 572
613, 458
721, 598
620, 503
460, 454
548, 501
732, 695
445, 606
567, 466
271, 592
592, 450
597, 570
677, 310
581, 668
678, 500
706, 369
388, 588
812, 529
642, 752
543, 486
575, 675
508, 622
771, 710
542, 404
736, 664
758, 728
520, 720
561, 817
618, 826
550, 627
768, 632
654, 510
745, 653
611, 583
695, 503
653, 596
520, 425
615, 485
749, 692
573, 578
558, 427
526, 726
442, 307
615, 516
707, 590
736, 694
478, 637
522, 475
577, 496
685, 558
502, 612
523, 676
698, 522
502, 385
699, 537
627, 539
623, 495
618, 583
676, 350
726, 695
679, 359
551, 440
428, 567
641, 615
613, 660
567, 496
854, 152
702, 688
549, 590
690, 615
461, 663
712, 557
410, 622
587, 502
578, 453
707, 660
369, 668
670, 589
700, 621
63, 472
738, 638
433, 538
663, 239
508, 394
649, 352
733, 687
721, 362
516, 674
705, 705
629, 622
455, 1001
564, 460
546, 543
730, 514
721, 590
745, 707
728, 646
630, 589
608, 562
694, 424
595, 469
564, 683
688, 588
684, 528
694, 501
664, 487
527, 797
767, 688
566, 693
571, 631
683, 572
590, 558
718, 493
684, 611
581, 497
611, 605
619, 547
584, 301
501, 526
690, 471
618, 709
621, 408
665, 452
644, 302
825, 792
545, 617
706, 537
597, 666
785, 708
795, 816
602, 727
749, 704
645, 561
532, 462
644, 478
593, 422
544, 437
200, 200
726, 688
807, 807
526, 592
302, 616
611, 457
725, 625
519, 782
743, 696
635, 403
200, 200
780, 700
598, 492
708, 453
464, 347
545, 445
615, 561
671, 458
510, 387
636, 631
378, 623
725, 642
651, 872
677, 418
713, 435
769, 671
769, 470
722, 416
646, 428
757, 729
791, 740
770, 719
748, 365
710, 433
294, 895
685, 346
648, 310
683, 682
653, 500
329, 919
599, 839
649, 430
200, 200
697, 426
656, 614
533, 686
728, 672
264, 793
669, 662
654, 618
711, 694
780, 612
740, 614
507, 651
610, 550
646, 566
725, 605
674, 525
717, 456
400, 200
731, 696
691, 605
603, 578
651, 560
571, 531
545, 640
436, 571
603, 585
475, 257
621, 721
639, 337
731, 600
518, 394
613, 485
720, 658
653, 478
607, 543
677, 343
515, 327
515, 754
200, 200
532, 670
676, 451
592, 410
731, 612
600, 432
720, 557
587, 709
569, 442
453, 602
671, 542
551, 394
487, 478
748, 669
565, 562
498, 630
716, 596
630, 561
733, 600
615, 405
551, 638
710, 695
500, 200
722, 503
524, 437
526, 516
694, 171
357, 670
680, 520
582, 474
735, 629
769, 693
644, 533
686, 551
473, 565
713, 599
705, 542
662, 676
739, 652
601, 592
658, 542
807, 526
625, 528
581, 504
651, 580
527, 390
469, 582
730, 617
681, 655
758, 677
581, 467
529, 418
684, 555
548, 738
786, 629
685, 526
736, 623
676, 526
739, 609
687, 457
548, 633
523, 741
500, 472
701, 373
708, 526
704, 664
696, 599
633, 441
602, 395
722, 557
200, 200
499, 392
262, 411
684, 603
570, 480
535, 669
752, 705
585, 532
760, 651
749, 719
617, 455
719, 587
573, 596
538, 416
619, 417
553, 452
542, 464
541, 631
609, 472
526, 404
738, 628
482, 686
617, 618
581, 822
644, 597
522, 605
612, 452
395, 1012
463, 715
642, 610
536, 434
785, 754
574, 444
717, 455
589, 423
796, 789
493, 262
743, 596
758, 684
655, 498
554, 469
699, 508
406, 680
566, 567
714, 347
805, 763
721, 612
651, 640
581, 509
731, 508
557, 469
536, 402
691, 671
679, 500
603, 496
664, 814
460, 320
623, 516
739, 614
759, 692
573, 495
718, 644
693, 636
316, 917
488, 509
666, 571
662, 501
520, 483
558, 604
688, 541
412, 538
645, 374
683, 398
782, 765
705, 389
680, 677
626, 658
531, 729
732, 505
642, 448
615, 463
556, 437
499, 591
705, 644
729, 570
710, 653
704, 630
725, 614
492, 358
725, 638
494, 688
574, 548
730, 625
631, 784
692, 467
801, 812
698, 468
670, 444
592, 589
715, 597
642, 343
509, 718
623, 753
724, 635
807, 893
719, 700
652, 389
663, 406
572, 497
624, 373
752, 658
682, 666
526, 592
822, 772
753, 692
635, 546
708, 416
627, 605
720, 692
683, 564
414, 649
773, 683
683, 602
520, 346
771, 584
647, 402
752, 729
479, 695
649, 503
589, 673
518, 594
569, 497
728, 674
715, 732
500, 705
542, 352
528, 585
396, 281
687, 439
794, 817
682, 541
782, 775
723, 619
685, 658
678, 439
699, 209
624, 595
517, 704
553, 350
546, 659
485, 645
549, 774
526, 667
734, 631
719, 667
749, 239
545, 449
737, 582
455, 690
675, 535
349, 779
580, 499
646, 615
813, 830
683, 639
490, 727
669, 773
678, 584
472, 692
682, 630
667, 607
478, 452
513, 505
671, 454
691, 607
733, 696
559, 547
395, 660
620, 493
777, 742
640, 520
729, 689
495, 704
268, 495
558, 700
661, 575
492, 686
752, 728
661, 532
704, 580
646, 464
756, 710
515, 690
583, 243
807, 737
782, 747
454, 573
595, 437
603, 715
565, 530
629, 542
750, 722
729, 487
640, 284
690, 548
528, 676
721, 674
737, 682
549, 741
616, 556
569, 385
653, 838
569, 586
631, 431
530, 622
503, 351
198, 592
640, 466
752, 643
612, 711
492, 622
811, 753
534, 671
580, 564
623, 473
708, 717
523, 429
590, 604
535, 285
552, 519
648, 659
659, 505
534, 727
627, 443
616, 681
609, 298
627, 771
681, 629
521, 681
619, 475
681, 364
539, 557
616, 475
666, 429
658, 705
434, 572
559, 400
740, 689
571, 807
659, 524
541, 555
468, 461
624, 652
757, 703
637, 581
555, 515
287, 530
714, 543
695, 537
563, 536
532, 416
622, 462
578, 536
720, 549
558, 420
757, 759
572, 679
647, 450
757, 694
725, 652
709, 540
588, 448
581, 612
535, 635
692, 659
495, 587
594, 458
649, 300
718, 428
660, 446
735, 705
491, 669
197, 435
614, 397
613, 529
711, 648
562, 665
591, 323
531, 670
637, 537
761, 231
696, 407
518, 700
536, 462
741, 684
874, 730
761, 672
611, 620
625, 506
345, 581
713, 633
614, 438
430, 589
513, 487
665, 548
670, 602
617, 480
640, 446
472, 593
687, 627
723, 409
634, 463
675, 487
665, 522
565, 449
539, 588
632, 548
230, 672
563, 717
512, 751
473, 394
661, 475
650, 525
652, 536
564, 714
492, 649
576, 211
299, 399
519, 312
710, 647
498, 638
600, 509
509, 506
416, 623
720, 673
694, 518
763, 686
517, 729
200, 200
773, 611
200, 200
444, 622
641, 469
718, 535
414, 516
437, 500
249, 863
518, 744
200, 200
721, 455
726, 612
655, 409
336, 512
625, 519
681, 276
708, 622
605, 480
629, 538
533, 785
714, 288
617, 453
579, 537
513, 628
546, 305
606, 526
722, 525
607, 511
735, 684
474, 438
630, 648
718, 561
577, 498
570, 600
680, 597
611, 506
685, 648
695, 449
701, 681
618, 604
521, 521
700, 688
633, 520
574, 617
701, 377
586, 585
652, 391
625, 390
592, 495
740, 649
585, 481
545, 700
595, 582
544, 383
586, 357
630, 510
185, 656
764, 771
657, 430
453, 1003
702, 681
694, 494
510, 687
738, 542
696, 675
794, 737
659, 477
729, 715
645, 517
475, 698
594, 559
728, 540
735, 686
527, 392
729, 586
203, 789
625, 450
702, 444
752, 164
756, 671
530, 481
549, 709
653, 618
644, 612
680, 682
490, 848
516, 740
763, 419
689, 475
526, 660
561, 689
538, 588
538, 447
497, 635
828, 359
636, 693
697, 672
536, 725
584, 514
677, 625
773, 746
722, 531
349, 595
666, 583
718, 607
764, 642
619, 530
585, 516
599, 460
562, 675
576, 521
634, 520
372, 827
551, 536
694, 575
584, 412
707, 457
717, 634
692, 553
626, 345
647, 461
729, 678
647, 841
684, 614
725, 586
393, 981
446, 751
526, 463
671, 351
570, 444
665, 624
561, 491
610, 534
565, 529
687, 584
528, 598
630, 547
751, 703
790, 764
687, 452
657, 418
481, 390
760, 689
348, 564
732, 656
616, 558
681, 376
636, 450
395, 715
690, 510
562, 812
665, 366
458, 237
697, 521
494, 421
647, 437
571, 407
671, 373
544, 647
548, 634
770, 634
766, 526
690, 609
582, 399
746, 705
288, 975
700, 428
689, 670
581, 531
731, 492
497, 715
141, 653
758, 743
601, 839
697, 612
733, 591
784, 471
534, 624
436, 474
621, 546
667, 509
532, 545
505, 340
752, 720
614, 526
744, 653
656, 580
303, 382
626, 498
706, 638
665, 577
572, 407
747, 624
365, 225
590, 519
900, 650
755, 373
653, 553
750, 572
450, 965
690, 602
599, 464
647, 456
754, 700
786, 690
689, 502
489, 622
547, 546
551, 418
719, 596
439, 690
434, 646
650, 507
482, 694
525, 705
557, 681
631, 520
749, 696
705, 448
731, 661
521, 722
624, 284
580, 302
579, 676
632, 588
634, 482
623, 572
552, 543
613, 555
288, 284
661, 588
635, 674
763, 685
757, 723
638, 500
778, 735
735, 654
518, 666
375, 573
617, 636
752, 663
444, 651
686, 600
595, 269
724, 691
406, 623
643, 464
621, 542
653, 556
734, 686
761, 799
534, 643
663, 615
503, 577
671, 422
668, 346
600, 600
666, 596
660, 444
698, 682
507, 454
724, 354
752, 647
751, 722
531, 800
691, 567
709, 597
530, 683
301, 994
625, 993
510, 604
680, 450
681, 656
714, 589
791, 774
518, 739
724, 224
697, 590
585, 375
767, 752
851, 164
583, 322
623, 539
740, 597
563, 445
569, 499
538, 671
618, 540
538, 369
695, 661
715, 626
753, 661
612, 185
323, 622
763, 693
670, 635
744, 645
402, 533
643, 549
613, 484
720, 591
675, 615
598, 454
897, 820
682, 627
511, 514
632, 415
708, 570
367, 513
689, 454
776, 696
673, 697
647, 837
597, 448
617, 552
744, 643
567, 418
690, 539
626, 497
732, 688
610, 535
453, 314
561, 382
570, 396
732, 509
859, 679
613, 667
638, 798
714, 516
761, 674
566, 485
525, 467
603, 327
783, 612
625, 567
760, 675
425, 631
758, 736
520, 463
485, 419
684, 437
577, 476
493, 734
718, 575
531, 815
623, 488
507, 702
631, 433
666, 370
671, 621
536, 746
701, 585
381, 657
395, 568
595, 525
650, 529
716, 669
532, 546
562, 863
634, 816
740, 766
588, 519
736, 654
729, 584
502, 352
446, 1014
573, 631
687, 440
740, 726
522, 526
696, 587
667, 617
569, 362
669, 409
665, 553
678, 593
643, 508
746, 636
634, 459
685, 568
520, 624
719, 734
686, 393
549, 413
640, 432
314, 901
394, 646
656, 732
555, 573
491, 616
609, 425
786, 776
251, 918
790, 731
757, 699
586, 399
510, 635
607, 88
708, 394
562, 446
253, 624
655, 398
658, 423
438, 817
418, 721
682, 448
603, 567
575, 403
599, 561
664, 647
662, 541
636, 455
636, 453
657, 493
626, 582
740, 654
498, 665
522, 530
432, 633
354, 499
727, 352
711, 483
620, 548
712, 688
492, 972
651, 312
655, 638
730, 634
594, 766
735, 675
704, 598
639, 511
693, 637
654, 602
487, 567
510, 663
988, 1004
763, 467
730, 471
374, 623
586, 630
719, 601
666, 515
660, 790
738, 671
692, 670
626, 824
604, 471
681, 557
434, 640
729, 643
688, 318
680, 447
579, 402
643, 475
780, 665
619, 533
563, 511
638, 509
505, 616
723, 636
670, 357
752, 694
576, 597
650, 410
542, 712
589, 431
722, 654
728, 731
636, 305
210, 902
684, 433
711, 422
699, 579
735, 631
328, 913
601, 593
516, 662
553, 599
376, 741
749, 739
422, 427
541, 688
696, 554
667, 605
602, 555
1020, 893
556, 669
475, 423
429, 205
700, 628
719, 714
687, 620
462, 714
225, 641
466, 707
609, 456
526, 399
739, 720
746, 791
155, 760
708, 558
626, 633
761, 736
229, 647
769, 518
662, 521
537, 504
536, 257
600, 449
458, 524
532, 746
695, 654
564, 450
616, 412
505, 647
552, 555
693, 622
486, 630
741, 638
678, 498
369, 728
570, 575
636, 454
701, 337
672, 554
682, 354
550, 325
518, 669
619, 567
352, 583
589, 544
647, 435
507, 594
669, 381
623, 509
621, 575
700, 575
543, 691
521, 685
646, 675
395, 554
689, 555
733, 615
598, 524
611, 502
457, 600
597, 528
627, 463
696, 498
434, 696
477, 669
581, 536
662, 465
681, 509
705, 373
496, 355
767, 715
633, 512
658, 557
608, 555
512, 363
539, 784
767, 713
516, 402
715, 665
638, 708
797, 811
723, 625
588, 574
555, 422
358, 629
609, 796
478, 691
580, 416
554, 437
607, 539
737, 688
482, 494
589, 454
685, 676
435, 413
699, 553
644, 569
696, 485
716, 579
692, 589
500, 647
520, 750
444, 625
537, 491
663, 483
631, 572
692, 492
362, 528
539, 486
740, 648
716, 462
518, 694
712, 563
635, 511
538, 690
622, 270
620, 503
616, 573
672, 671
608, 613
454, 545
739, 621
629, 456
531, 619
748, 582
726, 585
685, 406
640, 541
473, 835
704, 685
720, 500
741, 652
458, 303
719, 613
314, 898
488, 723
729, 649
701, 660
704, 663
630, 377
618, 436
518, 734
544, 419
738, 621
808, 775
634, 211
581, 487
726, 664
582, 299
436, 557
591, 529
702, 803
674, 617
627, 541
676, 524
522, 627
539, 715
697, 688
790, 751
516, 568
623, 471
634, 560
736, 641
551, 525
647, 531
627, 607
530, 438
737, 563
505, 405
701, 570
577, 540
498, 646
512, 619
658, 444
605, 374
535, 391
505, 593
411, 635
663, 524
406, 290
597, 444
511, 732
738, 693
604, 601
740, 649
735, 594
474, 492
645, 418
750, 652
709, 558
697, 587
806, 706
725, 464
483, 675
737, 712
437, 600
526, 478
719, 393
494, 704
704, 475
690, 293
744, 602
709, 574
701, 520
665, 620
588, 448
545, 501
545, 481
758, 685
743, 581
595, 474
643, 400
640, 470
511, 610
395, 892
713, 662
705, 530
470, 283
572, 462
629, 549
693, 549
804, 586
674, 561
318, 480
418, 649
443, 689
493, 467
501, 460
509, 581
365, 702
441, 357
565, 676
621, 381
739, 329
506, 618
602, 536
607, 547
706, 741
787, 672
704, 561
673, 638
560, 427
742, 601
470, 891
663, 585
698, 632
500, 200
765, 562
536, 502
646, 552
502, 650
713, 739
677, 513
702, 614
527, 287
318, 708
535, 599
631, 433
519, 714
488, 701
557, 804
698, 472
622, 487
629, 594
501, 642
705, 603
607, 648
519, 608
641, 371
686, 387
382, 235
721, 611
471, 791
728, 654
741, 711
460, 738
680, 598
642, 557
691, 602
572, 679
638, 398
710, 417
628, 706
675, 604
524, 588
590, 576
800, 775
509, 620
501, 369
626, 439
693, 289
724, 947
589, 359
622, 571
634, 579
648, 593
353, 1013
566, 426
689, 617
435, 423
694, 559
529, 658
517, 376
632, 406
794, 787
595, 442
541, 703
738, 488
719, 620
616, 685
477, 402
671, 561
728, 601
451, 488
623, 511
557, 573
734, 630
653, 225
826, 815
608, 498
677, 547
595, 443
669, 766
642, 506
558, 786
665, 502
468, 583
569, 482
682, 452
654, 456
718, 475
507, 733
567, 530
458, 457
519, 731
542, 380
653, 429
593, 414
669, 661
789, 266
671, 451
558, 577
650, 428
741, 558
688, 411
659, 476
723, 708
544, 315
652, 466
432, 679
699, 538
655, 771
656, 530
675, 439
663, 386
584, 482
708, 342
381, 846
463, 519
365, 245
676, 550
691, 473
656, 482
621, 592
594, 603
614, 424
748, 658
479, 580
511, 388
644, 374
656, 536
620, 339
668, 662
630, 437
713, 629
738, 377
391, 856
693, 580
585, 487
508, 422
585, 611
656, 532
514, 491
669, 471
726, 497
603, 492
725, 697
841, 773
516, 448
699, 606
733, 581
449, 701
644, 422
442, 355
612, 527
449, 508
708, 677
618, 390
754, 422
587, 491
621, 560
702, 522
601, 555
736, 741
399, 897
685, 550
625, 461
333, 859
574, 476
622, 617
447, 581
562, 157
552, 448
672, 533
636, 375
639, 600
617, 558
713, 593
410, 623
802, 809
516, 531
677, 502
682, 281
733, 621
579, 605
575, 441
695, 508
306, 662
734, 707
471, 445
527, 514
708, 472
751, 711
509, 589
746, 623
558, 782
834, 922
732, 673
636, 538
508, 754
481, 420
730, 557
756, 732
582, 525
512, 779
688, 417
675, 529
674, 554
684, 678
608, 517
502, 708
303, 921
568, 484
770, 710
635, 502
517, 743
628, 616
588, 494
765, 467
200, 200
586, 648
737, 669
584, 531
615, 583
617, 490
779, 782
527, 542
633, 717
542, 681
614, 452
680, 143
606, 478
736, 666
505, 705
738, 662
716, 601
655, 581
595, 576
759, 560
671, 441
1021, 900
514, 671
696, 557
747, 609
502, 480
741, 602
717, 679
334, 629
764, 728
659, 591
435, 736
580, 515
493, 329
832, 841
728, 617
603, 578
577, 325
400, 200
518, 414
560, 759
675, 579
670, 391
515, 486
602, 538
549, 451
718, 448
735, 662
547, 375
738, 583
559, 682
798, 559
524, 721
663, 457
552, 831
643, 456
754, 656
629, 577
677, 476
625, 736
755, 422
324, 636
607, 96
597, 646
638, 502
626, 476
675, 500
661, 501
692, 477
477, 696
583, 405
565, 706
658, 248
750, 728
612, 476
562, 622
965, 158
643, 490
799, 765
716, 420
721, 519
325, 563
555, 470
253, 758
654, 543
360, 771
578, 594
412, 734
486, 697
550, 559
725, 656
534, 542
637, 552
592, 464
690, 596
619, 545
556, 706
255, 905
225, 894
496, 649
664, 490
687, 583
541, 463
501, 469
599, 487
674, 437
794, 746
557, 677
543, 692
763, 668
635, 338
722, 606
900, 305
721, 574
456, 678
722, 357
817, 765
743, 703
811, 706
644, 537
757, 567
747, 598
735, 664
759, 716
498, 444
697, 412
741, 610
535, 403
543, 710
707, 647
517, 404
453, 664
677, 326
853, 820
674, 468
587, 314
759, 562
764, 738
639, 669
610, 364
685, 631
607, 636
300, 674
551, 449
411, 769
676, 443
615, 547
608, 647
582, 461
554, 588
671, 391
705, 440
369, 241
464, 506
721, 632
575, 603
628, 423
753, 669
615, 627
816, 845
618, 560
563, 453
567, 513
579, 537
643, 564
641, 512
788, 793
702, 287
724, 654
468, 412
519, 505
752, 647
441, 499
591, 474
655, 701
420, 482
686, 393
697, 629
743, 586
707, 456
721, 749
788, 733
626, 487
498, 475
745, 692
593, 679
645, 552
423, 675
593, 707
731, 742
513, 681
456, 692
699, 619
601, 604
617, 752
664, 398
624, 479
504, 782
582, 554
677, 587
403, 618
625, 543
611, 554
543, 488
566, 643
622, 579
630, 447
534, 396
752, 764
659, 658
671, 604
613, 590
538, 617
558, 445
579, 639
551, 348
551, 543
680, 651
658, 346
206, 898
638, 494
578, 514
200, 200
413, 683
554, 568
713, 323
578, 770
579, 619
527, 480
580, 500
567, 451
591, 591
531, 402
668, 588
575, 506
823, 914
410, 756
550, 412
792, 592
631, 524
723, 763
585, 453
760, 774
606, 831
480, 727
599, 611
615, 599
507, 294
560, 514
768, 682
773, 761
658, 274
465, 606
377, 380
681, 760
686, 550
622, 503
648, 591
737, 554
625, 603
626, 591
233, 813
633, 567
635, 512
495, 755
495, 457
759, 685
584, 433
778, 642
754, 469
845, 68
360, 601
503, 628
450, 578
647, 604
648, 419
696, 483
675, 482
477, 336
572, 500
618, 484
503, 632
649, 568
720, 640
627, 527
523, 652
533, 626
584, 804
508, 709
688, 432
680, 432
673, 617
637, 390
723, 637
775, 737
680, 535
657, 503
690, 438
607, 482
677, 612
591, 384
507, 711
426, 636
552, 527
587, 559
691, 538
689, 610
724, 487
729, 619
738, 746
681, 609
240, 703
521, 461
680, 549
725, 670
575, 437
645, 690
583, 515
545, 636
645, 571
707, 612
726, 609
370, 1017
711, 718
636, 379
616, 474
697, 591
703, 452
656, 470
514, 425
559, 408
817, 844
779, 724
626, 521
465, 545
621, 492
646, 400
696, 583
564, 444
661, 619
616, 560
566, 392
649, 593
733, 707
635, 500
618, 398
691, 478
655, 487
867, 259
717, 307
629, 474
616, 541
397, 493
591, 723
576, 432
624, 512
525, 629
620, 492
469, 550
591, 355
778, 738
596, 412
740, 508
538, 756
549, 736
565, 408
701, 564
200, 200
660, 229
538, 543
680, 540
629, 593
552, 789
641, 429
675, 506
288, 772
657, 562
510, 590
382, 616
401, 695
613, 557
612, 430
662, 462
572, 358
657, 526
583, 653
639, 639
560, 645
377, 502
436, 473
731, 642
678, 628
691, 338
661, 426
644, 450
687, 641
665, 497
677, 528
552, 666
401, 495
521, 452
751, 616
566, 412
670, 585
411, 593
604, 497
716, 599
703, 462
499, 662
545, 421
550, 684
632, 627
621, 364
717, 508
577, 759
668, 530
727, 663
764, 723
626, 657
461, 689
629, 615
483, 964
727, 592
625, 530
533, 426
767, 742
649, 305
496, 763
750, 522
705, 561
160, 645
562, 590
752, 685
1020, 897
498, 517
661, 445
200, 200
552, 506
640, 565
575, 467
655, 596
600, 411
647, 603
689, 545
713, 498
509, 689
595, 564
621, 607
643, 580
556, 572
574, 381
647, 617
647, 494
718, 568
598, 628
567, 446
456, 594
751, 699
604, 398
688, 555
440, 681
563, 718
709, 384
590, 917
709, 496
527, 401
773, 730
547, 207
541, 435
557, 414
786, 725
388, 1008
759, 721
679, 686
714, 598
643, 435
531, 537
465, 398
579, 420
643, 508
643, 586
632, 500
577, 473
759, 644
635, 338
639, 350
629, 463
623, 544
650, 825
500, 711
601, 356
637, 631
250, 487
298, 635
591, 529
450, 487
200, 200
708, 288
740, 682
665, 607
539, 601
651, 382
525, 534
708, 525
456, 441
684, 577
623, 585
758, 785
667, 529
735, 650
622, 559
596, 367
437, 522
732, 558
218, 798
581, 404
541, 480
500, 656
590, 523
749, 656
745, 691
684, 225
699, 516
640, 535
901, 829
682, 397
604, 481
647, 388
712, 484
807, 800
584, 659
629, 747
713, 571
577, 633
425, 1006
379, 741
729, 425
608, 510
574, 453
475, 439
645, 605
653, 498
134, 900
500, 200
748, 707
668, 554
634, 502
495, 492
527, 751
760, 739
695, 615
669, 675
655, 403
626, 516
279, 806
739, 566
680, 622
614, 417
617, 529
366, 990
622, 696
765, 737
377, 466
290, 997
752, 687
720, 642
518, 458
394, 900
749, 731
414, 558
647, 536
422, 871
557, 511
497, 694
597, 418
621, 367
200, 200
501, 681
722, 564
652, 438
563, 449
738, 607
786, 578
551, 529
885, 789
533, 545
671, 575
521, 773
542, 631
707, 573
668, 445
478, 448
625, 531
626, 580
787, 787
592, 583
443, 401
586, 588
494, 722
698, 367
671, 563
635, 459
749, 619
759, 623
467, 746
715, 589
595, 478
500, 368
675, 623
653, 584
646, 582
681, 582
555, 568
744, 708
694, 565
679, 551
647, 344
476, 659
725, 658
548, 543
243, 527
640, 476
651, 445
531, 429
511, 373
621, 512
622, 580
695, 468
686, 517
501, 682
644, 464
510, 621
673, 421
427, 627
617, 493
428, 515
628, 497
645, 487
534, 617
558, 615
628, 559
681, 396
702, 514
694, 493
638, 577
784, 703
618, 414
757, 722
557, 456
294, 597
697, 371
505, 584
261, 905
597, 908
714, 336
717, 605
724, 760
508, 606
436, 539
765, 729
565, 517
504, 565
566, 479
737, 698
577, 501
675, 503
460, 606
705, 484
604, 611
539, 584
200, 200
680, 396
261, 694
684, 356
613, 561
709, 574
754, 645
658, 523
413, 536
526, 427
521, 612
599, 439
509, 703
595, 483
525, 670
402, 375
624, 460
284, 850
649, 541
699, 417
656, 337
448, 730
512, 738
550, 399
639, 468
622, 564
417, 469
611, 590
681, 689
330, 815
623, 435
576, 836
638, 449
586, 438
558, 507
791, 708
655, 611
395, 659
726, 625
476, 653
598, 479
627, 417
535, 593
431, 694
691, 400
739, 448
649, 202
647, 598
565, 487
451, 611
506, 663
489, 693
773, 657
732, 558
721, 656
609, 534
717, 716
661, 633
636, 633
695, 568
676, 586
639, 358
482, 564
774, 535
634, 429
687, 627
507, 338
553, 520
532, 558
727, 640
200, 200
410, 589
664, 508
639, 627
780, 719
611, 585
557, 475
406, 584
510, 625
515, 543
594, 540
795, 743
619, 357
712, 527
696, 630
797, 803
780, 700
541, 631
553, 539
745, 688
491, 812
753, 685
718, 627
362, 643
908, 298
480, 731
726, 772
543, 747
500, 636
732, 671
747, 536
632, 524
567, 683
619, 790
485, 579
631, 717
574, 438
591, 325
349, 958
783, 744
675, 527
758, 692
713, 567
815, 762
631, 479
770, 780
763, 714
800, 695
700, 452
521, 685
671, 395
596, 642
676, 504
728, 572
638, 594
634, 572
539, 362
663, 612
685, 598
609, 428
506, 458
698, 471
506, 359
728, 629
594, 670
324, 517
580, 421
531, 474
682, 518
722, 514
638, 660
524, 574
593, 440
678, 682
571, 523
636, 521
658, 462
673, 606
560, 499
630, 587
299, 399
539, 521
474, 301
439, 636
846, 432
867, 180
718, 636
555, 439
622, 535
683, 593
664, 613
200, 200
517, 720
652, 617
622, 520
705, 593
741, 614
590, 434
763, 739
675, 611
778, 758
670, 609
492, 635
731, 532
642, 477
548, 313
783, 671
572, 433
707, 564
753, 709
626, 425
456, 739
739, 728
655, 524
415, 984
458, 452
771, 777
650, 443
468, 458
551, 647
692, 629
826, 457
607, 526
708, 425
672, 588
621, 549
693, 537
775, 730
650, 309
446, 427
655, 485
730, 663
592, 411
537, 514
715, 389
365, 661
691, 667
544, 669
625, 554
768, 713
566, 675
590, 688
691, 410
670, 506
681, 347
659, 220
548, 466
453, 794
804, 772
697, 566
595, 401
712, 698
782, 532
755, 654
607, 574
733, 617
628, 516
577, 468
764, 583
756, 676
742, 667
720, 595
506, 433
654, 557
520, 725
614, 561
797, 750
541, 548
609, 517
714, 597
686, 492
583, 432
673, 557
777, 753
563, 623
581, 521
621, 481
545, 767
708, 604
606, 417
730, 700
613, 473
386, 511
709, 597
514, 363
759, 720
610, 552
667, 376
394, 601
493, 802
741, 726
598, 465
500, 667
692, 532
573, 362
614, 619
694, 628
718, 669
476, 293
405, 866
592, 430
644, 497
602, 540
605, 499
556, 420
627, 466
577, 514
726, 638
319, 778
749, 716
587, 548
641, 452
582, 586
671, 645
621, 451
400, 531
718, 592
702, 622
523, 732
713, 646
674, 593
692, 465
675, 410
662, 562
563, 526
661, 466
858, 899
360, 626
532, 715
684, 554
734, 729
367, 783
442, 656
732, 676
642, 405
381, 840
700, 461
484, 346
649, 433
541, 609
737, 715
675, 550
567, 630
703, 504
777, 677
472, 620
717, 656
733, 748
273, 618
597, 568
604, 280
589, 754
644, 441
724, 683
739, 532
541, 725
631, 259
562, 466
642, 493
628, 502
731, 936
389, 670
539, 787
345, 911
717, 656
587, 463
716, 641
771, 742
468, 514
544, 594
624, 625
667, 419
478, 519
624, 504
523, 370
648, 449
450, 646
580, 559
600, 748
685, 601
515, 726
665, 706
757, 721
556, 292
722, 449
795, 349
723, 684
469, 945
667, 402
534, 659
663, 492
704, 375
584, 586
832, 699
633, 490
514, 356
626, 546
736, 646
605, 505
760, 690
554, 577
676, 537
725, 631
722, 647
805, 263
558, 500
727, 281
524, 749
718, 683
600, 404
649, 455
597, 478
709, 520
653, 671
307, 632
550, 633
516, 559
664, 885
702, 573
520, 637
649, 524
702, 623
752, 576
546, 597
539, 429
647, 413
582, 421
676, 665
668, 507
261, 570
487, 518
523, 670
733, 460
784, 683
550, 484
810, 816
511, 413
571, 405
471, 717
639, 551
556, 430
664, 566
655, 585
512, 687
646, 558
682, 660
586, 523
617, 536
709, 637
463, 542
621, 391
728, 680
717, 520
566, 667
656, 571
200, 200
580, 662
763, 696
549, 571
704, 339
570, 523
574, 528
562, 845
661, 547
683, 665
512, 713
718, 593
398, 708
706, 576
612, 555
684, 567
759, 656
502, 720
492, 561
748, 528
555, 540
449, 455
749, 666
675, 469
758, 687
482, 808
720, 562
622, 559
690, 342
601, 480
512, 596
647, 517
661, 487
540, 737
778, 754
635, 465
441, 651
647, 441
517, 550
615, 630
486, 566
764, 637
488, 816
870, 218
565, 417
673, 504
517, 705
717, 662
569, 620
690, 192
510, 529
475, 258
727, 593
545, 633
668, 548
233, 620
554, 708
677, 398
640, 620
557, 594
574, 248
661, 332
764, 769
393, 889
553, 346
448, 326
587, 473
629, 483
399, 93
550, 518
533, 690
702, 643
558, 463
666, 550
599, 419
733, 616
723, 618
526, 734
781, 776
676, 651
659, 431
496, 724
868, 725
566, 673
604, 513
536, 695
603, 560
639, 709
612, 538
625, 463
552, 469
726, 679
465, 571
666, 341
200, 200
223, 807
541, 549
480, 677
526, 449
581, 495
739, 755
607, 639
649, 620
642, 513
646, 477
534, 370
655, 538
571, 452
716, 539
423, 807
549, 555
240, 809
555, 592
777, 666
561, 514
462, 995
701, 696
537, 637
498, 445
614, 508
653, 554
655, 595
584, 534
785, 704
346, 630
689, 383
620, 529
686, 405
711, 516
619, 558
736, 710
647, 468
798, 802
660, 610
515, 475
598, 578
681, 545
663, 639
764, 229
632, 533
536, 583
363, 487
700, 735
605, 592
763, 663
361, 1004
647, 356
731, 684
757, 691
725, 730
691, 455
688, 442
722, 694
619, 527
702, 581
747, 646
627, 606
417, 627
644, 737
557, 891
670, 636
760, 742
510, 469
695, 621
629, 483
599, 452
595, 543
719, 603
604, 557
690, 551
694, 687
634, 551
676, 649
683, 380
716, 422
710, 660
512, 616
546, 425
568, 532
645, 518
738, 647
398, 438
654, 512
291, 531
729, 633
659, 394
714, 493
763, 730
730, 640
445, 685
712, 651
719, 635
676, 645
609, 570
784, 772
590, 467
318, 748
356, 1010
592, 602
425, 532
556, 553
382, 717
753, 678
596, 485
698, 598
628, 556
723, 639
721, 615
506, 666
595, 634
511, 601
364, 940
652, 732
698, 516
462, 766
680, 576
498, 689
595, 497
860, 805
374, 968
729, 697
725, 624
718, 502
682, 644
691, 620
481, 709
686, 278
698, 611
551, 661
601, 620
682, 607
642, 668
500, 461
587, 514
575, 608
744, 657
517, 750
350, 986
598, 488
765, 758
630, 412
558, 565
716, 562
577, 465
673, 554
372, 577
664, 586
528, 279
588, 524
669, 510
537, 674
371, 586
576, 592
659, 534
200, 200
732, 695
650, 566
578, 552
509, 463
726, 657
517, 612
593, 445
461, 507
289, 492
736, 616
679, 468
527, 512
576, 503
684, 661
678, 612
722, 531
578, 504
520, 694
636, 296
573, 464
677, 635
688, 400
509, 765
728, 604
571, 703
741, 634
715, 606
679, 171
513, 734
516, 685
527, 572
685, 667
667, 504
462, 579
431, 496
567, 369
648, 612
675, 488
787, 720
425, 533
320, 805
737, 693
756, 690
438, 624
672, 574
748, 282
620, 486
487, 958
701, 708
658, 655
702, 392
536, 389
492, 565
509, 598
695, 802
428, 583
518, 500
675, 595
627, 373
616, 682
682, 361
200, 200
447, 545
705, 419
578, 570
700, 372
521, 813
699, 606
862, 726
665, 492
596, 389
547, 656
483, 630
664, 450
470, 308
649, 523
678, 605
660, 582
735, 673
531, 417
760, 690
477, 511
558, 439
727, 553
430, 863
313, 455
531, 527
447, 256
537, 413
477, 672
435, 406
680, 428
461, 694
653, 532
640, 725
555, 304
740, 616
705, 734
598, 328
674, 489
531, 678
755, 721
644, 586
705, 603
653, 507
675, 388
712, 658
643, 389
601, 371
616, 587
524, 467
552, 715
692, 619
568, 469
583, 490
732, 573
689, 556
549, 411
702, 563
763, 719
714, 246
498, 365
466, 653
789, 709
741, 555
494, 487
560, 649
596, 351
672, 647
709, 601
674, 612
444, 415
692, 460
588, 440
679, 573
716, 672
537, 469
500, 200
688, 536
646, 483
758, 716
605, 360
653, 414
543, 831
652, 427
705, 583
731, 610
579, 502
550, 399
560, 822
677, 434
643, 579
737, 401
516, 590
498, 639
680, 316
705, 510
730, 606
371, 987
729, 654
559, 557
462, 319
673, 456
604, 478
562, 603
546, 663
680, 603
656, 564
735, 701
673, 554
443, 219
665, 553
467, 533
694, 387
663, 531
513, 515
673, 501
564, 387
675, 366
664, 398
247, 459
626, 417
718, 397
675, 455
727, 627
616, 690
412, 641
682, 500
628, 495
734, 481
490, 577
729, 652
740, 670
775, 748
525, 665
709, 627
497, 667
403, 362
584, 933
624, 420
668, 453
708, 489
751, 705
709, 609
492, 694
735, 727
586, 628
647, 428
741, 642
444, 534
636, 439
453, 670
674, 524
507, 669
608, 619
352, 476
512, 459
779, 750
643, 579
653, 443
598, 527
586, 516
587, 514
665, 655
751, 229
529, 655
779, 721
520, 675
572, 793
661, 482
745, 674
652, 573
652, 489
608, 599
671, 572
612, 374
713, 616
576, 665
593, 521
645, 544
584, 618
738, 593
549, 145
343, 907
763, 677
597, 461
593, 521
573, 493
707, 499
614, 578
519, 635
629, 794
673, 667
792, 698
732, 676
582, 711
749, 651
679, 620
593, 508
501, 606
577, 718
652, 445
631, 682
710, 640
702, 439
730, 599
678, 408
608, 543
669, 688
590, 518
523, 397
752, 611
611, 476
453, 604
583, 610
710, 569
437, 587
717, 631
429, 661
571, 493
708, 626
646, 433
583, 474
183, 637
590, 610
375, 718
708, 776
713, 793
599, 511
761, 630
670, 589
673, 507
682, 266
681, 620
674, 454
600, 416
570, 534
568, 695
742, 686
839, 382
536, 638
674, 681
671, 536
705, 735
572, 350
654, 832
706, 567
752, 677
625, 722
584, 484
508, 432
667, 515
770, 655
745, 640
682, 517
707, 522
345, 970
647, 578
694, 651
676, 529
590, 424
421, 497
694, 525
573, 618
740, 713
599, 510
602, 699
682, 585
661, 384
564, 599
644, 412
590, 579
314, 992
689, 521
731, 661
658, 485
780, 705
628, 660
633, 562
715, 718
567, 500
670, 516
407, 592
558, 568
542, 740
718, 632
591, 457
594, 434
547, 510
684, 501
608, 498
733, 703
564, 608
652, 519
685, 567
747, 715
659, 541
687, 483
445, 577
742, 652
714, 328
513, 354
575, 378
462, 709
318, 719
520, 568
659, 485
541, 558
777, 309
637, 340
713, 641
713, 591
665, 542
626, 564
734, 681
537, 395
801, 892
631, 550
769, 625
714, 716
698, 617
694, 441
445, 142
550, 609
716, 380
644, 680
592, 437
707, 436
567, 433
631, 565
576, 396
776, 749
370, 580
517, 716
701, 618
733, 601
724, 615
653, 422
527, 717
642, 407
538, 443
683, 645
659, 590
614, 428
655, 259
705, 384
371, 836
638, 307
701, 571
551, 700
623, 430
480, 838
632, 501
625, 566
717, 509
578, 489
520, 679
500, 200
607, 830
468, 953
686, 601
571, 436
725, 575
650, 369
547, 670
625, 365
623, 541
510, 362
488, 569
721, 562
778, 773
686, 561
541, 810
614, 533
415, 525
553, 876
604, 638
692, 565
667, 548
515, 437
501, 745
672, 561
693, 321
839, 55
431, 671
585, 563
473, 385
444, 491
722, 629
568, 683
620, 586
677, 463
670, 499
619, 516
753, 739
607, 417
521, 467
461, 541
614, 503
500, 200
447, 602
527, 433
506, 644
881, 812
805, 770
465, 676
601, 445
629, 560
700, 573
546, 439
712, 658
633, 522
676, 683
562, 614
420, 585
599, 491
636, 549
605, 422
553, 669
592, 564
549, 569
648, 291
684, 718
745, 719
520, 440
524, 501
617, 415
589, 681
553, 671
634, 518
778, 719
606, 478
632, 572
749, 701
580, 440
713, 536
616, 421
625, 440
667, 492
666, 778
508, 641
764, 767
416, 686
749, 697
653, 620
903, 734
802, 784
666, 432
347, 727
474, 788
782, 808
596, 463
698, 645
703, 505
637, 425
575, 421
701, 646
636, 467
759, 689
386, 614
509, 688
719, 567
630, 596
683, 574
597, 491
623, 708
487, 573
616, 521
786, 761
689, 614
777, 672
808, 784
766, 647
760, 680
797, 562
648, 332
536, 668
457, 963
493, 680
849, 61
694, 805
480, 702
741, 429
604, 547
724, 635
583, 563
692, 568
529, 816
644, 502
499, 511
200, 200
468, 784
684, 622
611, 445
548, 627
756, 698
165, 347
610, 448
461, 654
786, 635
773, 744
200, 200
549, 659
746, 710
634, 573
588, 604
453, 151
716, 602
642, 449
484, 445
666, 461
732, 635
392, 604
587, 411
670, 563
558, 586
451, 652
719, 670
589, 499
697, 536
654, 535
682, 522
654, 607
587, 543
650, 601
508, 724
687, 682
735, 633
825, 850
530, 347
473, 529
804, 775
409, 478
561, 417
790, 776
469, 709
605, 361
537, 411
726, 669
511, 728
668, 654
519, 459
731, 158
603, 689
684, 419
649, 577
754, 650
672, 498
633, 206
704, 589
779, 740
706, 572
630, 575
533, 737
655, 599
584, 679
687, 613
523, 741
760, 704
556, 576
710, 649
406, 647
693, 636
522, 485
595, 646
481, 556
747, 755
650, 578
638, 421
791, 810
556, 677
501, 581
370, 690
672, 602
499, 511
827, 592
516, 583
632, 571
607, 429
590, 627
635, 513
723, 599
679, 460
644, 359
670, 585
426, 551
711, 678
478, 349
611, 527
564, 559
600, 476
407, 671
436, 655
704, 680
415, 713
739, 598
719, 629
323, 700
581, 512
756, 740
678, 648
751, 640
606, 606
640, 634
558, 464
496, 403
697, 522
604, 534
736, 631
714, 612
717, 593
462, 698
641, 350
597, 469
557, 458
660, 581
606, 637
727, 398
497, 754
569, 505
606, 578
535, 413
554, 688
667, 491
671, 486
341, 615
651, 486
608, 802
403, 660
349, 580
756, 712
447, 596
624, 529
764, 679
777, 685
744, 708
400, 200
714, 607
227, 646
710, 596
660, 481
881, 407
618, 410
664, 313
397, 493
673, 525
560, 608
628, 727
672, 549
590, 527
774, 687
665, 593
645, 386
620, 565
759, 650
686, 543
595, 502
535, 311
637, 406
501, 379
680, 425
231, 554
685, 404
716, 496
582, 920
286, 1003
445, 1007
655, 460
515, 659
658, 461
599, 496
568, 599
554, 509
533, 583
634, 583
741, 707
391, 544
658, 620
691, 554
732, 616
624, 543
506, 539
519, 439
662, 469
440, 405
519, 444
690, 619
670, 472
639, 478
756, 685
692, 531
603, 519
745, 664
698, 623
768, 667
680, 474
742, 634
667, 471
761, 654
617, 549
746, 648
612, 504
773, 751
668, 582
760, 724
407, 99
703, 329
644, 638
556, 640
499, 711
463, 616
423, 649
681, 508
463, 529
504, 608
669, 544
578, 442
516, 657
609, 330
612, 502
484, 669
545, 362
675, 534
726, 549
619, 526
482, 688
736, 625
732, 661
540, 200
633, 496
349, 318
555, 472
531, 690
573, 532
620, 430
499, 669
764, 668
705, 568
508, 462
200, 200
578, 713
609, 459
734, 588
646, 590
645, 522
478, 685
767, 572
478, 644
798, 710
488, 450
608, 393
701, 681
440, 649
588, 405
731, 622
595, 477
480, 406
671, 415
513, 594
731, 798
606, 513
701, 526
479, 355
722, 479
701, 557
662, 585
366, 567
546, 413
591, 643
270, 918
625, 343
716, 655
720, 671
438, 297
669, 608
533, 511
510, 838
583, 432
635, 570
583, 583
528, 629
681, 598
540, 356
674, 450
613, 596
498, 644
567, 478
602, 540
404, 673
570, 496
625, 316
744, 690
559, 689
650, 452
454, 1011
683, 632
583, 530
505, 482
612, 549
482, 621
521, 727
579, 458
601, 471
760, 725
557, 527
729, 653
864, 807
780, 604
494, 842
500, 699
655, 531
585, 451
597, 222
514, 715
661, 502
530, 271
766, 788
569, 568
614, 448
612, 555
541, 590
705, 574
365, 727
678, 692
605, 611
417, 625
664, 482
650, 539
677, 614
722, 665
642, 467
722, 468
604, 457
721, 643
662, 466
728, 548
697, 684
752, 722
542, 703
246, 817
546, 662
511, 716
656, 647
637, 493
518, 484
400, 639
731, 635
758, 684
303, 800
668, 529
515, 525
673, 647
592, 428
699, 544
794, 774
527, 632
469, 673
504, 785
771, 717
740, 721
729, 680
463, 955
631, 574
660, 577
590, 474
608, 440
725, 455
726, 633
537, 595
560, 436
758, 547
813, 257
663, 400
593, 644
643, 303
929, 515
524, 756
486, 409
500, 680
663, 504
722, 635
357, 394
658, 651
585, 477
549, 383
589, 581
719, 688
656, 596
651, 421
664, 436
798, 795
585, 549
584, 425
625, 521
401, 659
255, 617
588, 417
605, 551
586, 464
733, 711
748, 522
374, 321
686, 517
651, 379
642, 513
544, 459
676, 488
581, 916
644, 335
722, 708
507, 716
501, 379
680, 658
771, 816
483, 262
700, 608
574, 451
279, 723
621, 563
602, 551
645, 618
388, 604
621, 428
380, 1002
752, 412
557, 582
716, 306
570, 537
708, 721
574, 400
634, 350
644, 715
590, 437
737, 385
615, 811
668, 594
745, 614
689, 148
569, 472
546, 466
489, 719
544, 397
518, 372
531, 430
510, 632
695, 510
757, 684
545, 727
785, 479
698, 456
291, 921
434, 495
573, 559
547, 520
711, 577
720, 692
548, 374
624, 469
378, 977
625, 491
633, 548
623, 673
551, 416
669, 606
285, 976
590, 508
732, 517
763, 625
706, 717
658, 829
595, 421
667, 480
696, 306
448, 843
666, 496
661, 521
599, 680
690, 615
692, 491
340, 494
628, 611
793, 726
644, 529
574, 576
558, 579
796, 804
720, 760
505, 387
708, 336
703, 297
739, 551
556, 648
515, 688
464, 562
480, 546
760, 696
735, 568
623, 704
542, 620
664, 497
548, 633
648, 482
503, 503
654, 257
578, 626
537, 484
654, 545
602, 427
751, 593
723, 415
529, 499
687, 624
506, 488
636, 470
549, 627
609, 491
675, 561
706, 677
677, 534
618, 552
656, 608
722, 440
607, 602
618, 326
647, 634
427, 875
662, 583
565, 684
495, 620
682, 654
398, 614
701, 658
354, 744
544, 722
640, 448
470, 775
431, 248
732, 573
719, 594
586, 916
536, 520
523, 577
736, 478
731, 622
744, 666
770, 788
785, 782
538, 688
439, 697
539, 524
696, 535
601, 362
583, 645
436, 596
607, 633
669, 434
456, 675
560, 539
484, 416
729, 620
594, 436
625, 619
674, 656
476, 706
696, 633
289, 561
630, 483
540, 681
357, 600
487, 458
671, 327
669, 387
706, 703
673, 524
736, 759
613, 434
779, 775
722, 711
629, 392
447, 681
734, 704
653, 739
681, 692
702, 405
722, 403
687, 591
660, 684
531, 576
700, 715
675, 660
544, 397
321, 695
730, 643
397, 726
439, 676
516, 425
782, 716
731, 618
609, 706
668, 529
694, 619
698, 589
631, 520
482, 704
524, 650
736, 662
639, 527
720, 950
367, 758
663, 475
655, 502
404, 528
591, 593
476, 727
667, 580
643, 403
712, 373
683, 643
621, 454
592, 517
768, 715
597, 527
529, 677
569, 412
732, 766
610, 495
601, 584
577, 290
533, 844
433, 597
607, 553
564, 539
675, 525
637, 554
772, 713
587, 446
258, 601
664, 544
414, 892
591, 454
580, 579
507, 650
386, 969
678, 677
682, 640
708, 465
530, 419
777, 706
692, 601
200, 200
566, 499
636, 544
546, 450
601, 692
645, 610
565, 497
707, 632
563, 384
746, 566
693, 328
632, 659
589, 541
697, 412
548, 383
292, 667
790, 742
638, 630
653, 501
634, 357
744, 686
501, 693
696, 561
507, 400
623, 428
700, 576
757, 687
615, 490
590, 569
469, 436
617, 704
671, 307
691, 601
807, 704
658, 390
623, 547
676, 585
511, 642
707, 563
730, 647
632, 419
200, 200
675, 430
523, 354
682, 667
631, 439
632, 427
636, 583
761, 773
506, 699
619, 497
367, 977
736, 557
649, 610
582, 485
516, 766
736, 625
588, 551
408, 749
664, 591
456, 614
685, 520
715, 553
200, 200
509, 694
467, 698
546, 505
457, 1008
726, 604
699, 629
568, 689
592, 604
626, 490
889, 835
579, 463
777, 717
745, 592
513, 677
381, 487
612, 480
477, 567
723, 594
260, 906
555, 185
683, 504
508, 627
662, 432
575, 555
670, 419
619, 551
527, 625
592, 517
257, 904
738, 694
664, 536
535, 618
532, 513
697, 552
579, 484
663, 316
673, 600
639, 384
300, 200
664, 682
530, 407
711, 642
404, 578
548, 735
736, 569
748, 461
603, 494
470, 623
613, 591
474, 704
246, 971
590, 438
727, 628
547, 508
617, 546
714, 548
445, 732
580, 711
384, 635
370, 446
689, 388
538, 534
678, 476
679, 385
711, 353
596, 316
604, 653
513, 421
668, 529
685, 442
543, 578
685, 593
698, 638
735, 692
743, 684
695, 622
631, 532
589, 648
653, 399
526, 680
738, 643
748, 646
513, 718
674, 581
692, 690
524, 657
546, 777
733, 625
790, 263
595, 531
647, 553
655, 581
700, 374
671, 508
687, 608
439, 581
573, 299
482, 619
663, 361
569, 713
613, 402
699, 566
462, 574
551, 698
683, 542
791, 796
200, 200
645, 576
465, 684
283, 148
665, 593
631, 474
569, 456
706, 623
654, 616
495, 695
672, 416
777, 735
482, 608
558, 457
625, 610
568, 450
506, 508
419, 378
468, 563
683, 572
760, 625
623, 515
551, 570
768, 729
512, 701
601, 644
704, 385
711, 573
606, 649
736, 649
658, 426
597, 547
561, 649
120, 718
529, 533
686, 321
497, 335
560, 488
637, 617
690, 584
591, 646
621, 589
749, 633
613, 324
631, 530
509, 669
751, 694
643, 445
601, 473
709, 670
749, 609
542, 537
656, 511
712, 556
574, 409
550, 399
640, 759
533, 752
589, 490
400, 200
695, 479
630, 418
690, 274
635, 375
595, 515
678, 557
834, 854
223, 495
606, 551
820, 350
624, 528
714, 763
359, 516
654, 430
713, 425
564, 510
640, 556
316, 856
458, 630
617, 547
550, 588
578, 603
608, 552
643, 513
447, 237
684, 550
530, 711
521, 717
562, 370
680, 688
474, 656
699, 329
516, 699
691, 692
718, 507
676, 267
506, 329
741, 657
677, 460
754, 644
496, 395
515, 438
577, 469
588, 547
590, 476
714, 599
596, 431
612, 476
499, 498
569, 438
757, 649
636, 345
738, 666
622, 557
660, 532
741, 641
523, 499
632, 530
611, 451
673, 611
730, 361
880, 827
631, 528
817, 771
687, 150
584, 504
487, 563
733, 382
596, 504
608, 508
483, 626
600, 555
673, 541
584, 580
656, 299
708, 625
542, 645
575, 401
753, 682
568, 405
706, 663
719, 672
616, 447
607, 574
480, 622
695, 479
675, 587
729, 710
698, 567
731, 684
735, 503
723, 575
577, 451
521, 638
712, 576
551, 665
382, 421
525, 735
418, 563
527, 516
718, 660
442, 692
511, 466
446, 594
492, 700
709, 625
533, 695
412, 777
290, 921
709, 665
729, 669
448, 493
563, 562
745, 668
538, 765
741, 713
581, 514
267, 983
544, 499
672, 579
632, 557
403, 563
898, 741
706, 567
578, 430
618, 490
576, 694
683, 467
731, 664
637, 561
824, 680
478, 732
590, 495
410, 467
566, 707
792, 622
560, 474
411, 381
372, 1004
643, 636
552, 431
570, 489
417, 644
406, 480
358, 646
584, 490
666, 619
749, 647
676, 380
520, 774
574, 524
671, 489
667, 700
659, 642
655, 831
705, 666
675, 569
668, 539
551, 564
555, 427
731, 609
506, 628
656, 567
570, 572
740, 620
549, 434
769, 558
765, 752
500, 200
685, 531
549, 402
765, 715
569, 546
785, 642
548, 814
700, 640
558, 463
679, 628
517, 713
602, 514
838, 769
320, 502
349, 899
428, 499
765, 723
683, 491
540, 585
762, 641
711, 586
739, 683
779, 730
494, 647
567, 420
675, 603
583, 522
633, 502
622, 562
656, 376
431, 642
727, 644
729, 733
609, 462
657, 631
628, 984
551, 663
624, 315
707, 647
623, 560
547, 406
596, 542
562, 421
703, 507
636, 570
619, 558
723, 597
570, 504
765, 738
538, 805
721, 595
512, 683
608, 498
599, 718
538, 464
795, 699
803, 795
691, 614
644, 582
493, 523
731, 680
381, 665
765, 619
734, 655
544, 506
402, 665
579, 573
632, 661
707, 542
600, 511
733, 645
633, 559
582, 600
337, 515
277, 901
717, 679
750, 671
695, 580
581, 468
544, 428
499, 474
458, 454
722, 637
523, 406
527, 780
574, 313
625, 457
618, 549
722, 641
717, 490
667, 580
597, 488
630, 422
634, 622
544, 486
836, 856
616, 387
773, 719
903, 743
646, 603
470, 486
696, 808
609, 505
527, 490
579, 485
751, 613
200, 200
461, 217
723, 717
624, 557
648, 381
787, 538
537, 667
716, 595
739, 678
694, 555
731, 735
629, 482
200, 200
474, 327
765, 717
707, 522
200, 200
431, 736
635, 550
